9-by-12 image

The table gives the dual-gradient energies of each pixel.
The asterisks denote a minimum energy vertical or horizontal seam.

Vertical seam: { 8 8 8 8 8 8 8 8 8 8 8 8 }
  441.67   624.62   624.62   624.62   624.62   624.62   624.62   624.62   624.62*
  624.62   624.62   624.62   624.62   624.62   624.62   624.62   624.62   441.67*
  441.67   624.62   624.62   624.62   624.62   624.62   624.62   624.62   624.62*
  624.62   624.62   624.62   624.62   624.62   624.62   624.62   624.62   441.67*
  441.67   624.62   624.62   624.62   624.62   624.62   624.62   624.62   624.62*
  624.62   624.62   624.62   624.62   624.62   624.62   624.62   624.62   441.67*
  441.67   624.62   624.62   624.62   624.62   624.62   624.62   624.62   624.62*
  624.62   624.62   624.62   624.62   624.62   624.62   624.62   624.62   441.67*
  441.67   624.62   624.62   624.62   624.62   624.62   624.62   624.62   624.62*
  624.62   624.62   624.62   624.62   624.62   624.62   624.62   624.62   441.67*
  441.67   624.62   624.62   624.62   624.62   624.62   624.62   624.62   624.62*
  624.62   624.62   624.62   624.62   624.62   624.62   624.62   624.62   441.67*
Total energy = 6397.757042

Horizontal seam: { 2 3 4 5 6 7 8 9 9 }
  441.67   624.62   624.62   624.62   624.62   624.62   624.62   624.62   624.62
  624.62   624.62   624.62   624.62   624.62   624.62   624.62   624.62   441.67
  441.67*  624.62   624.62   624.62   624.62   624.62   624.62   624.62   624.62
  624.62   624.62*  624.62   624.62   624.62   624.62   624.62   624.62   441.67
  441.67   624.62   624.62*  624.62   624.62   624.62   624.62   624.62   624.62
  624.62   624.62   624.62   624.62*  624.62   624.62   624.62   624.62   441.67
  441.67   624.62   624.62   624.62   624.62*  624.62   624.62   624.62   624.62
  624.62   624.62   624.62   624.62   624.62   624.62*  624.62   624.62   441.67
  441.67   624.62   624.62   624.62   624.62   624.62   624.62*  624.62   624.62
  624.62   624.62   624.62   624.62   624.62   624.62   624.62   624.62*  441.67*
  441.67   624.62   624.62   624.62   624.62   624.62   624.62   624.62   624.62
  624.62   624.62   624.62   624.62   624.62   624.62   624.62   624.62   441.67
Total energy = 5255.685103
